Ivysaur , 1038 , 0.84 , 13 , 11 , 14 , 0.93 , 0.71 , 0.35
Venusaur , 1546 , 0.96 , 15 , 15 , 13 , 0.87 , 0.74 , 0.37
Charmander , 404 , 0.89 , 10 , 15 , 15 , 0.93 , 0.60 , 0.29
Charmeleon , 936 , 0.96 , 14 , 15 , 14 , 0.95 , 0.61 , 0.30
Charizard , 1982 , 0.71 , 11 , 10 , 11 , 0.94 , 0.56 , 0.27
Charizard , 1622 , 0.87 , 14 , 11 , 14 , 0.91 , 0.59 , 0.29
Squirtle , 478 , 0.49 , 1 , 13 , 8 , 0.92 , 0.48 , 0.23
Squirtle , 12 , 0.80 , 10 , 14 , 12 , 0.90 , 0.55 , 0.27
Blastoise , 703 , 0.98 , 15 , 15 , 14 , 0.89 , 0.59 , 0.28
Caterpie , 349 , 0.87 , 14 , 14 , 11 , 0.78 , 0.22 , 0.14
Caterpie , 121 , 0.64 , 4 , 10 , 15 , 0.65 , 0.18 , 0.12
Caterpie , 24 , 0.53 , 0 , 10 , 14 , 0.60 , 0.17 , 0.11
Metapod , 19 , 0.96 , 15 , 14 , 14 , 0.81 , 0.23 , 0.14
Weedle , 281 , 0.53 , 8 , 1 , 15 , 0.62 , 0.16 , 0.10
Weedle , 239 , 0.87 , 15 , 12 , 12 , 0.80 , 0.21 , 0.13
Weedle , 181 , 0.71 , 6 , 14 , 12 , 0.74 , 0.20 , 0.12
Weedle , 120 , 0.47 , 0 , 12 , 9 , 0.64 , 0.17 , 0.10
Weedle , 108 , 0.84 , 11 , 12 , 15 , 0.78 , 0.21 , 0.13
Beedrill , 232 , 0.71 , 3 , 15 , 14 , 0.73 , 0.19 , 0.12
Pidgey , 10 , 0.71 , 5 , 12 , 15 , 0.97 , 0.32 , 0.16
Rattata , 434 , 0.42 , 2 , 6 , 11 , 0.92 , 0.30 , 0.20
Raticate , 1046 , 0.64 , 9 , 12 , 8 , 0.92 , 0.33 , 0.23
Spearow , 589 , 0.76 , 15 , 4 , 15 , 0.87 , 0.38 , 0.21
Spearow , 466 , 0.60 , 4 , 15 , 8 , 0.94 , 0.39 , 0.21
Spearow , 241 , 0.60 , 2 , 15 , 10 , 0.93 , 0.38 , 0.21
Spearow , 192 , 0.84 , 8 , 15 , 15 , 0.96 , 0.42 , 0.23
Spearow , 139 , 0.64 , 5 , 12 , 12 , 0.93 , 0.38 , 0.21
Spearow , 10 , 0.67 , 2 , 15 , 13 , 0.96 , 0.39 , 0.22
Ekans , 63 , 0.36 , 1 , 4 , 11 , 0.92 , 0.45 , 0.26
Ekans , 394 , 0.53 , 4 , 15 , 5 , 0.93 , 0.48 , 0.28
Arbok , 600 , 0.96 , 15 , 13 , 15 , 0.93 , 0.57 , 0.33
Pikachu , 492 , 0.60 , 1 , 15 , 11 , 0.97 , 0.54 , 0.26
Pikachu , 105 , 0.38 , 0 , 6 , 11 , 0.95 , 0.49 , 0.23
Pikachu , 480 , 0.64 , 5 , 10 , 14 , 0.92 , 0.54 , 0.26
Pikachu , 447 , 0.69 , 12 , 6 , 13 , 0.93 , 0.55 , 0.26
Pikachu , 657 , 0.60 , 1 , 15 , 11 , 0.97 , 0.54 , 0.26
Pikachu , 39 , 0.93 , 15 , 15 , 12 , 0.88 , 0.61 , 0.29
Pikachu , 392 , 0.91 , 13 , 14 , 14 , 0.94 , 0.60 , 0.29
Pikachu , 395 , 0.96 , 13 , 15 , 15 , 0.88 , 0.61 , 0.29
Pikachu , 389 , 0.87 , 13 , 15 , 11 , 0.93 , 0.59 , 0.28
Pikachu , 41 , 0.93 , 15 , 13 , 14 , 0.87 , 0.61 , 0.29
Pikachu , 584 , 0.78 , 12 , 12 , 11 , 0.90 , 0.57 , 0.27
Raichu , 1209 , 0.80 , 13 , 11 , 12 , 0.90 , 0.58 , 0.28
Sandshrew , 1063 , 0.71 , 10 , 9 , 13 , 0.87 , 0.84 , 0.39
Sandshrew , 542 , 0.67 , 13 , 7 , 10 , 0.86 , 0.83 , 0.38
Sandshrew , 437 , 0.44 , 2 , 3 , 15 , 0.97 , 0.76 , 0.35
Sandshrew , 15 , 0.56 , 2 , 10 , 13 , 0.92 , 0.79 , 0.37
Sandshrew , 286 , 0.91 , 14 , 14 , 13 , 0.93 , 0.90 , 0.42
Sandshrew , 250 , 0.38 , 1 , 14 , 2 , 0.96 , 0.75 , 0.35
Sandshrew , 250 , 0.96 , 15 , 15 , 13 , 0.85 , 0.91 , 0.42
Sandslash , 1574 , 0.87 , 15 , 13 , 11 , 0.92 , 0.88 , 0.41
Nidoqueen , 1481 , 0.96 , 14 , 15 , 14 , 0.89 , 0.49 , 0.24
Nidoking , 1779 , 0.78 , 13 , 12 , 10 , 0.91 , 0.47 , 0.23
Clefairy , 638 , 0.89 , 12 , 13 , 15 , 0.84 , 0.83 , 0.38
Clefable , 1709 , 0.67 , 7 , 15 , 8 , 0.86 , 0.77 , 0.36
Clefable , 1400 , 0.49 , 4 , 8 , 10 , 0.88 , 0.72 , 0.33
Vulpix , 521 , 0.82 , 9 , 14 , 14 , 0.95 , 0.51 , 0.24
Vulpix , 470 , 0.31 , 0 , 10 , 4 , 0.95 , 0.41 , 0.20
Vulpix , 416 , 0.87 , 14 , 12 , 13 , 0.91 , 0.52 , 0.25
Vulpix , 359 , 0.80 , 12 , 11 , 13 , 0.88 , 0.50 , 0.24
Vulpix , 335 , 0.82 , 11 , 14 , 12 , 0.89 , 0.51 , 0.24
Vulpix , 332 , 0.80 , 10 , 14 , 12 , 0.95 , 0.50 , 0.24
Vulpix , 292 , 0.60 , 7 , 13 , 7 , 0.94 , 0.47 , 0.22
Vulpix , 28 , 0.76 , 13 , 11 , 10 , 0.87 , 0.50 , 0.24
Vulpix , -236 , 0.80 , 9 , 15 , 12 , 0.95 , 0.50 , 0.24
Vulpix , 187 , 0.78 , 11 , 10 , 14 , 0.94 , 0.50 , 0.24
Vulpix , 164 , 0.73 , 15 , 10 , 8 , 0.86 , 0.49 , 0.23
Vulpix , 151 , 0.60 , 5 , 7 , 15 , 0.93 , 0.46 , 0.22
Vulpix , 5 , 0.56 , 4 , 8 , 13 , 0.92 , 0.46 , 0.22
Ninetales , 1252 , 0.76 , 11 , 11 , 12 , 0.93 , 0.50 , 0.24
Jigglypuff , 624 , 0.89 , 12 , 14 , 14 , 0.92 , 0.41 , 0.24
Jigglypuff , 408 , 0.96 , 14 , 15 , 14 , 0.90 , 0.42 , 0.25
Wigglytuff , 1486 , 1.00 , 15 , 15 , 15 , 0.91 , 0.43 , 0.25
Zubat , 393 , 0.56 , 0 , 12 , 13 , 0.98 , 0.29 , 0.14
Zubat , 230 , 0.82 , 9 , 14 , 14 , 0.94 , 0.33 , 0.16
Zubat , 198 , 0.53 , 8 , 8 , 8 , 0.92 , 0.29 , 0.14
Zubat , 138 , 0.80 , 8 , 14 , 14 , 0.93 , 0.33 , 0.16
Zubat , 105 , 0.36 , 3 , 12 , 1 , 0.95 , 0.27 , 0.13
Golbat , 193 , 0.36 , 0 , 6 , 10 , 0.96 , 0.26 , 0.13
Oddish , 1047 , 0.73 , 12 , 12 , 9 , 0.89 , 0.73 , 0.35
Oddish , 444 , 0.87 , 14 , 12 , 13 , 0.83 , 0.76 , 0.36
Oddish , 234 , 0.24 , 4 , 4 , 3 , 0.82 , 0.62 , 0.29
Vileplume , 1421 , 0.84 , 10 , 13 , 15 , 0.83 , 0.76 , 0.36
Parasect , 792 , 0.96 , 15 , 14 , 14 , 0.92 , 0.63 , 0.39
Venonat , 4 , 0.84 , 8 , 15 , 15 , 0.92 , 0.71 , 0.37
Diglett , 450 , 0.58 , 1 , 11 , 14 , 0.93 , 0.29 , 0.23
Diglett , 383 , 0.71 , 5 , 14 , 13 , 0.93 , 0.30 , 0.24
Diglett , 33 , 0.76 , 7 , 14 , 13 , 0.95 , 0.31 , 0.24
Diglett , 321 , 0.78 , 7 , 13 , 15 , 0.91 , 0.31 , 0.25
Diglett , 309 , 0.49 , 1 , 9 , 12 , 0.95 , 0.27 , 0.22
Diglett , 210 , 0.73 , 4 , 14 , 15 , 0.94 , 0.31 , 0.24
Diglett , 1 , 0.67 , 3 , 15 , 12 , 0.96 , 0.30 , 0.24
Diglett , 145 , 0.87 , 11 , 13 , 15 , 0.94 , 0.32 , 0.26
Diglett , 143 , 0.82 , 8 , 14 , 15 , 0.93 , 0.32 , 0.25
Diglett , 9 , 0.62 , 1 , 13 , 14 , 0.95 , 0.29 , 0.23
Diglett , 92 , 0.42 , 0 , 8 , 11 , 0.94 , 0.26 , 0.21
Diglett , 90 , 0.96 , 14 , 14 , 15 , 0.92 , 0.33 , 0.27
Diglett , 28 , 0.84 , 9 , 14 , 15 , 0.93 , 0.32 , 0.25
Diglett , 28 , 0.89 , 12 , 14 , 14 , 0.89 , 0.32 , 0.26
Diglett , 2 , 0.71 , 5 , 15 , 12 , 0.93 , 0.30 , 0.24
Diglett , 10 , 1.00 , 15 , 15 , 15 , 0.88 , 0.34 , 0.27
Diglett , 232 , 0.73 , 8 , 11 , 14 , 0.93 , 0.30 , 0.24
Dugtrio , 1139 , 0.91 , 11 , 15 , 15 , 0.91 , 0.33 , 0.26
Dugtrio , 1100 , 0.56 , 4 , 9 , 12 , 0.91 , 0.28 , 0.22
Dugtrio , 296 , 0.87 , 9 , 15 , 15 , 0.94 , 0.32 , 0.26
Meowth , 426 , 0.78 , 5 , 15 , 15 , 0.94 , 0.38 , 0.27
Meowth , 84 , 0.49 , 2 , 11 , 9 , 0.93 , 0.34 , 0.24
Meowth , 47 , 0.58 , 1 , 14 , 11 , 0.97 , 0.35 , 0.25
Meowth , 28 , 0.51 , 4 , 7 , 12 , 0.93 , 0.34 , 0.24
Meowth , 428 , 0.82 , 10 , 12 , 15 , 0.90 , 0.39 , 0.28
Meowth , 56 , 0.80 , 13 , 13 , 10 , 0.90 , 0.39 , 0.28
Meowth , 562 , 0.82 , 10 , 14 , 13 , 0.90 , 0.39 , 0.28
Psyduck , 829 , 0.93 , 15 , 15 , 12 , 0.86 , 0.74 , 0.34
Psyduck , 365 , 0.64 , 1 , 13 , 15 , 0.93 , 0.66 , 0.31
Psyduck , 234 , 0.76 , 12 , 7 , 15 , 0.88 , 0.68 , 0.32
Mankey , 893 , 0.80 , 12 , 14 , 10 , 0.78 , 0.65 , 0.30
Mankey , 413 , 0.82 , 9 , 14 , 14 , 0.79 , 0.66 , 0.31
Mankey , 289 , 0.87 , 13 , 14 , 12 , 0.80 , 0.66 , 0.31
Growlithe , 924 , 0.87 , 15 , 13 , 11 , 0.91 , 0.87 , 0.41
Poliwag , 705 , 0.96 , 15 , 15 , 13 , 0.89 , 0.45 , 0.21
Poliwag , 653 , 0.71 , 9 , 12 , 11 , 0.87 , 0.41 , 0.19
Poliwag , 430 , 0.87 , 11 , 13 , 15 , 0.92 , 0.43 , 0.20
Poliwag , 287 , 0.53 , 4 , 11 , 9 , 0.92 , 0.38 , 0.18
Poliwag , 209 , 0.60 , 5 , 14 , 8 , 0.89 , 0.39 , 0.18
Poliwag , 203 , 0.49 , 4 , 12 , 6 , 0.91 , 0.37 , 0.17
Poliwag , 189 , 0.69 , 4 , 14 , 13 , 0.92 , 0.40 , 0.19
Poliwag , 422 , 0.69 , 4 , 13 , 14 , 0.91 , 0.40 , 0.19
Poliwhirl , 739 , 0.62 , 6 , 9 , 13 , 0.89 , 0.39 , 0.18
Poliwhirl , 586 , 0.84 , 11 , 14 , 13 , 0.92 , 0.43 , 0.20
Poliwhirl , 416 , 0.64 , 11 , 8 , 10 , 0.90 , 0.39 , 0.18
Abra , 4 , 0.78 , 14 , 12 , 9 , 0.81 , 0.83 , 0.38
Abra , 54 , 0.60 , 4 , 8 , 15 , 0.88 , 0.80 , 0.37
Alakazam , 943 , 0.87 , 13 , 12 , 14 , 0.85 , 0.86 , 0.40
Machop , 723 , 0.96 , 14 , 15 , 14 , 0.88 , 0.91 , 0.45
Machop , 721 , 0.93 , 14 , 15 , 13 , 0.87 , 0.90 , 0.45
Machop , 719 , 0.91 , 14 , 15 , 12 , 0.87 , 0.90 , 0.45
Machop , 719 , 0.91 , 15 , 13 , 13 , 0.86 , 0.89 , 0.44
Machop , 706 , 0.87 , 12 , 13 , 14 , 0.95 , 0.88 , 0.44
Machop , 706 , 0.89 , 10 , 15 , 15 , 0.96 , 0.89 , 0.44
Machop , 705 , 0.82 , 15 , 10 , 12 , 0.93 , 0.86 , 0.43
Machop , 704 , 0.82 , 12 , 14 , 11 , 0.94 , 0.87 , 0.43
Machop , 704 , 0.84 , 12 , 13 , 13 , 0.94 , 0.87 , 0.43
Machop , 704 , 0.87 , 11 , 13 , 15 , 0.95 , 0.88 , 0.44
Machop , 703 , 0.80 , 13 , 13 , 10 , 0.93 , 0.87 , 0.43
Machop , 698 , 0.80 , 13 , 10 , 13 , 0.92 , 0.85 , 0.42
Machop , 688 , 0.73 , 10 , 12 , 11 , 0.91 , 0.84 , 0.42
Machoke , 849 , 0.84 , 14 , 11 , 13 , 0.93 , 0.87 , 0.43
Machoke , 842 , 0.80 , 12 , 13 , 11 , 0.93 , 0.86 , 0.43
Machoke , 833 , 0.76 , 11 , 10 , 13 , 0.91 , 0.84 , 0.42
Bellsprout , 654 , 0.51 , 4 , 12 , 7 , 0.92 , 0.54 , 0.25
Bellsprout , 595 , 0.67 , 4 , 15 , 11 , 0.91 , 0.57 , 0.27
Bellsprout , 586 , 0.96 , 15 , 15 , 13 , 0.91 , 0.62 , 0.29
Bellsprout , 565 , 0.82 , 10 , 15 , 12 , 0.88 , 0.60 , 0.28
Bellsprout , 560 , 0.78 , 10 , 14 , 11 , 0.86 , 0.59 , 0.27
Bellsprout , 556 , 0.80 , 11 , 10 , 15 , 0.84 , 0.58 , 0.27
Bellsprout , 54 , 0.71 , 6 , 14 , 12 , 0.92 , 0.58 , 0.27
Bellsprout , 521 , 0.71 , 7 , 14 , 11 , 0.92 , 0.58 , 0.27
Bellsprout , 507 , 0.67 , 5 , 10 , 15 , 0.88 , 0.55 , 0.26
Bellsprout , 482 , 0.82 , 13 , 13 , 11 , 0.87 , 0.59 , 0.27
Bellsprout , 427 , 0.64 , 2 , 14 , 13 , 0.90 , 0.56 , 0.26
Bellsprout , 411 , 0.51 , 3 , 8 , 12 , 0.90 , 0.52 , 0.24
Bellsprout , 409 , 0.49 , 0 , 11 , 11 , 0.91 , 0.53 , 0.24
Bellsprout , 403 , 0.44 , 1 , 8 , 11 , 0.88 , 0.51 , 0.24
Bellsprout , 3 , 0.64 , 7 , 8 , 14 , 0.86 , 0.54 , 0.25
Bellsprout , 368 , 0.60 , 2 , 12 , 13 , 0.87 , 0.55 , 0.25
Bellsprout , 304 , 0.51 , 3 , 5 , 15 , 0.87 , 0.51 , 0.24
Bellsprout , 273 , 0.67 , 8 , 14 , 8 , 0.91 , 0.57 , 0.26
Bellsprout , 25 , 0.42 , 2 , 14 , 3 , 0.91 , 0.53 , 0.24
Bellsprout , 224 , 0.44 , 0 , 7 , 13 , 0.87 , 0.50 , 0.23
Bellsprout , 198 , 0.47 , 2 , 5 , 14 , 0.86 , 0.50 , 0.23
Bellsprout , 196 , 0.91 , 12 , 14 , 15 , 0.89 , 0.61 , 0.28
Bellsprout , 1 , 0.56 , 0 , 13 , 12 , 0.94 , 0.55 , 0.25
Bellsprout , 1 , 0.38 , 2 , 10 , 5 , 0.87 , 0.51 , 0.23
Bellsprout , 151 , 0.53 , 1 , 15 , 8 , 0.95 , 0.55 , 0.25
Bellsprout , 124 , 0.58 , 4 , 12 , 10 , 0.87 , 0.55 , 0.25
Bellsprout , 118 , 0.33 , 2 , 10 , 3 , 0.86 , 0.50 , 0.23
Bellsprout , 13 , 0.47 , 6 , 14 , 1 , 0.85 , 0.53 , 0.25
Bellsprout , 13 , 0.58 , 5 , 11 , 10 , 0.86 , 0.54 , 0.25
Tentacool , 831 , 0.91 , 11 , 15 , 15 , 0.92 , 0.69 , 0.32
Tentacool , 223 , 0.38 , 2 , 5 , 10 , 0.97 , 0.57 , 0.26
Tentacool , 117 , 0.40 , 1 , 7 , 10 , 0.97 , 0.57 , 0.27
Tentacruel , 8 , 0.73 , 15 , 7 , 11 , 0.88 , 0.66 , 0.31
Geodude , 2 , 0.73 , 8 , 11 , 14 , 0.92 , 0.86 , 0.41
Geodude , 980 , 0.53 , 2 , 14 , 8 , 0.96 , 0.80 , 0.38
Geodude , 1 , 0.56 , 4 , 9 , 12 , 0.97 , 0.81 , 0.39
Geodude , 194 , 0.93 , 13 , 15 , 14 , 0.88 , 0.92 , 0.44
Geodude , 897 , 0.42 , 1 , 3 , 15 , 0.92 , 0.78 , 0.37
Geodude , 886 , 0.51 , 4 , 12 , 7 , 0.95 , 0.80 , 0.38
Geodude , NaN , 0.51 , 4 , 12 , 7 , 0.95 , 0.80 , 0.38
Geodude , NaN , 0.58 , 1 , 14 , 11 , 0.97 , 0.82 , 0.39
Geodude , NaN , 0.91 , 15 , 15 , 11 , 0.87 , 0.91 , 0.43
Geodude , NaN , 0.87 , 13 , 14 , 12 , 0.86 , 0.90 , 0.43
Geodude , NaN , 0.56 , 3 , 7 , 15 , 0.97 , 0.81 , 0.39
Geodude , NaN , 0.53 , 6 , 8 , 10 , 0.96 , 0.81 , 0.38
Geodude , NaN , 0.51 , 2 , 11 , 10 , 0.95 , 0.80 , 0.38
Geodude , NaN , 0.93 , 14 , 15 , 13 , 0.88 , 0.92 , 0.43
Geodude , NaN , 0.47 , 1 , 11 , 9 , 0.94 , 0.79 , 0.37
Geodude , NaN , 0.53 , 6 , 5 , 13 , 0.96 , 0.81 , 0.38
Geodude , NaN , 0.44 , 2 , 12 , 6 , 0.93 , 0.78 , 0.37
Geodude , NaN , 0.44 , 4 , 4 , 12 , 0.93 , 0.78 , 0.37
Geodude , NaN , 0.67 , 2 , 13 , 15 , 0.90 , 0.84 , 0.40
Geodude , NaN , 0.49 , 2 , 12 , 8 , 0.94 , 0.79 , 0.38
Geodude , NaN , 0.36 , 1 , 14 , 1 , 0.90 , 0.75 , 0.36
Geodude , NaN , 0.67 , 5 , 11 , 14 , 0.90 , 0.84 , 0.40
Geodude , NaN , 0.53 , 6 , 5 , 13 , 0.96 , 0.81 , 0.38
Geodude , NaN , 0.42 , 3 , 5 , 11 , 0.92 , 0.78 , 0.37
Geodude , NaN , 0.96 , 14 , 14 , 15 , 0.89 , 0.92 , 0.44
Geodude , NaN , 0.49 , 3 , 9 , 10 , 0.94 , 0.79 , 0.38
Geodude , NaN , 0.33 , 1 , 6 , 8 , 0.90 , 0.75 , 0.36
Geodude , NaN , 0.51 , 6 , 13 , 4 , 0.95 , 0.80 , 0.38
Geodude , NaN , 0.40 , 0 , 13 , 5 , 0.91 , 0.77 , 0.36
Geodude , NaN , 0.29 , 0 , 1 , 12 , 0.97 , 0.74 , 0.35
Geodude , NaN , 0.31 , 1 , 7 , 6 , 0.89 , 0.75 , 0.35
Geodude , NaN , 0.53 , 0 , 12 , 12 , 0.96 , 0.81 , 0.38
Geodude , NaN , 0.31 , 0 , 5 , 9 , 0.89 , 0.75 , 0.36
Graveler , NaN , 0.89 , 14 , 14 , 12 , 0.87 , 0.90 , 0.43
Ponyta , NaN , 0.58 , 4 , 9 , 13 , 0.95 , 0.96 , 0.58
Ponyta , 1440 , 0.67 , 4 , 15 , 11 , 0.98 , 0.97 , 0.60
Ponyta , NaN , 0.76 , 15 , 15 , 4 , 0.86 , 0.94 , 0.61
Ponyta , 1272 , 0.87 , 11 , 13 , 15 , 0.89 , 0.95 , 0.63
Ponyta , 1144 , 0.53 , 4 , 6 , 14 , 0.94 , 0.97 , 0.57
Ponyta , 1141 , 0.73 , 6 , 13 , 14 , 0.86 , 0.96 , 0.61
Ponyta , 1026 , 0.80 , 11 , 12 , 13 , 0.88 , 0.96 , 0.62
Ponyta , 961 , 0.73 , 7 , 13 , 13 , 0.86 , 0.96 , 0.61
Ponyta , NaN , 0.64 , 6 , 12 , 11 , 0.97 , 0.96 , 0.59
Ponyta , 888 , 0.84 , 9 , 14 , 15 , 0.89 , 0.97 , 0.63
Ponyta , 863 , 0.40 , 4 , 10 , 4 , 0.90 , 0.95 , 0.55
Ponyta , 770 , 0.67 , 7 , 12 , 11 , 0.98 , 0.97 , 0.60
Ponyta , NaN , 0.67 , 4 , 13 , 13 , 0.98 , 0.97 , 0.60
Ponyta , NaN , 0.69 , 7 , 12 , 12 , 0.85 , 0.95 , 0.60
Ponyta , 727 , 0.73 , 4 , 15 , 14 , 0.87 , 0.97 , 0.61
Ponyta , NaN , 0.84 , 12 , 14 , 12 , 0.89 , 0.95 , 0.63
Ponyta , 668 , 0.91 , 14 , 12 , 15 , 0.90 , 0.94 , 0.64
Ponyta , 666 , 0.58 , 5 , 8 , 13 , 0.95 , 0.96 , 0.58
Ponyta , NaN , 0.62 , 5 , 12 , 11 , 0.96 , 0.95 , 0.59
Ponyta , NaN , 0.87 , 10 , 15 , 14 , 0.90 , 0.95 , 0.63
Ponyta , 579 , 0.60 , 4 , 15 , 8 , 0.96 , 0.97 , 0.59
Ponyta , 496 , 0.69 , 4 , 15 , 12 , 0.99 , 0.98 , 0.60
Ponyta , NaN , 0.87 , 10 , 14 , 15 , 0.90 , 0.95 , 0.63
Ponyta , 444 , 0.58 , 4 , 14 , 8 , 0.95 , 0.97 , 0.58
Ponyta , 311 , 0.73 , 5 , 15 , 13 , 0.87 , 0.97 , 0.61
Ponyta , NaN , 0.64 , 7 , 10 , 12 , 0.97 , 0.96 , 0.59
Ponyta , 2 , 0.89 , 14 , 14 , 12 , 0.90 , 0.96 , 0.63
Ponyta , NaN , 0.67 , 9 , 7 , 14 , 0.97 , 0.96 , 0.59
Ponyta , 158 , 0.47 , 1 , 5 , 15 , 0.92 , 0.97 , 0.56
Ponyta , NaN , 0.56 , 5 , 15 , 5 , 0.95 , 0.96 , 0.58
Ponyta , 692 , 0.73 , 11 , 10 , 12 , 0.86 , 0.96 , 0.61
Ponyta , NaN , 0.84 , 11 , 12 , 15 , 0.89 , 0.95 , 0.63
Rapidash , NaN , 0.96 , 15 , 15 , 13 , 0.91 , 0.95 , 0.65
Rapidash , NaN , 0.40 , 11 , 4 , 3 , 0.89 , 0.92 , 0.54
Slowpoke , 336 , 0.89 , 10 , 15 , 15 , 0.88 , 0.89 , 0.41
Slowpoke , 212 , 0.67 , 2 , 14 , 14 , 0.99 , 0.82 , 0.38
Slowpoke , NaN , 0.49 , 2 , 5 , 15 , 0.92 , 0.76 , 0.35
Slowpoke , NaN , 0.87 , 14 , 13 , 12 , 0.89 , 0.89 , 0.41
Slowpoke , NaN , 0.67 , 4 , 13 , 13 , 0.91 , 0.83 , 0.38
Slowpoke , 313 , 0.69 , 3 , 13 , 15 , 0.91 , 0.83 , 0.38
Slowpoke , NaN , 0.96 , 15 , 14 , 14 , 0.91 , 0.92 , 0.43
Slowpoke , 50 , 0.80 , 8 , 13 , 15 , 0.95 , 0.86 , 0.40
Slowbro , 1957 , 0.69 , 13 , 9 , 9 , 0.93 , 0.84 , 0.39
Slowbro , NaN , 0.71 , 11 , 10 , 11 , 0.93 , 0.84 , 0.39
Slowbro , 1517 , 0.60 , 11 , 14 , 2 , 0.92 , 0.84 , 0.39
Magnemite , 868 , 0.87 , 11 , 14 , 14 , 0.87 , 0.89 , 0.42
Magnemite , 538 , 0.93 , 14 , 13 , 15 , 0.89 , 0.88 , 0.43
Magneton , 183 , 0.93 , 13 , 14 , 15 , 0.89 , 0.89 , 0.43
Dodrio , NaN , 0.98 , 14 , 15 , 15 , 0.87 , 0.81 , 0.37
Grimer , 1043 , 0.93 , 14 , 13 , 15 , 0.83 , 0.92 , 0.45
Grimer , 265 , 0.96 , 14 , 15 , 14 , 0.84 , 0.92 , 0.46
Grimer , 951 , 0.78 , 14 , 14 , 7 , 0.91 , 0.91 , 0.44
Grimer , NaN , 0.89 , 14 , 12 , 14 , 0.92 , 0.93 , 0.44
Muk , NaN , 0.87 , 13 , 12 , 14 , 0.92 , 0.92 , 0.44
Shellder , 6 , 0.73 , 3 , 15 , 15 , 0.93 , 0.65 , 0.30
Shellder , NaN , 0.58 , 0 , 13 , 13 , 0.95 , 0.62 , 0.29
Shellder , NaN , 0.56 , 0 , 11 , 14 , 0.95 , 0.61 , 0.28
Cloyster , 1434 , 0.93 , 12 , 15 , 15 , 0.91 , 0.70 , 0.32
Gastly , NaN , 0.64 , 4 , 13 , 12 , 0.86 , 0.71 , 0.33
Gastly , NaN , 0.76 , 8 , 13 , 13 , 0.88 , 0.73 , 0.34
Gastly , NaN , 0.53 , 3 , 15 , 6 , 0.83 , 0.69 , 0.32
Gastly , 5 , 0.82 , 10 , 14 , 13 , 0.81 , 0.75 , 0.35
Gastly , NaN , 0.47 , 2 , 15 , 4 , 0.81 , 0.67 , 0.31
Gastly , NaN , 0.53 , 4 , 15 , 5 , 0.82 , 0.68 , 0.32
Gastly , NaN , 0.73 , 15 , 8 , 10 , 0.84 , 0.69 , 0.32
Gastly , NaN , 0.69 , 11 , 5 , 15 , 0.82 , 0.68 , 0.32
Haunter , NaN , 0.78 , 15 , 12 , 8 , 0.78 , 0.72 , 0.33
Gengar , 1603 , 0.82 , 13 , 12 , 12 , 0.80 , 0.74 , 0.34
Onix , NaN , 0.93 , 15 , 13 , 14 , 0.92 , 0.79 , 0.37
Onix , NaN , 0.76 , 8 , 15 , 11 , 0.93 , 0.72 , 0.34
Onix , 219 , 0.67 , 4 , 11 , 15 , 0.90 , 0.70 , 0.33
Onix , 212 , 0.42 , 3 , 1 , 15 , 0.93 , 0.67 , 0.31
Krabby , 620 , 0.64 , 6 , 12 , 11 , 0.96 , 0.94 , 0.51
Krabby , NaN , 0.82 , 11 , 12 , 14 , 0.88 , 0.93 , 0.54
Krabby , NaN , 0.44 , 0 , 7 , 13 , 0.91 , 0.96 , 0.48
Krabby , 204 , 0.87 , 13 , 14 , 12 , 0.89 , 0.94 , 0.54
Krabby , NaN , 0.62 , 0 , 14 , 14 , 0.96 , 0.96 , 0.51
Kingler , 116 , 0.53 , 3 , 7 , 14 , 0.93 , 0.95 , 0.49
Voltorb , 862 , 0.98 , 15 , 14 , 15 , 0.91 , 0.67 , 0.35
Voltorb , 579 , 0.44 , 8 , 1 , 11 , 0.88 , 0.55 , 0.28
Voltorb , 367 , 0.71 , 5 , 12 , 15 , 0.97 , 0.61 , 0.31
Voltorb , 308 , 0.62 , 4 , 13 , 11 , 0.94 , 0.59 , 0.30
Voltorb , 230 , 0.60 , 5 , 11 , 11 , 0.94 , 0.59 , 0.30
Voltorb , 192 , 0.44 , 0 , 8 , 12 , 0.95 , 0.55 , 0.28
Voltorb , 191 , 0.42 , 0 , 8 , 11 , 0.94 , 0.55 , 0.28
Voltorb , 103 , 0.87 , 15 , 9 , 15 , 0.87 , 0.65 , 0.33
Voltorb , 39 , 0.53 , 3 , 8 , 13 , 0.91 , 0.57 , 0.29
Voltorb , NaN , 0.56 , 1 , 9 , 15 , 0.99 , 0.57 , 0.29
Electrode , 3 , 0.51 , 2 , 9 , 12 , 0.98 , 0.57 , 0.29
Exeggcute , 481 , 0.56 , 6 , 15 , 4 , 0.91 , 0.86 , 0.41
Exeggcute , 466 , 0.96 , 15 , 13 , 15 , 0.85 , 0.98 , 0.47
Exeggcute , 240 , 0.69 , 5 , 13 , 13 , 0.94 , 0.89 , 0.43
Exeggcute , 180 , 0.80 , 7 , 14 , 15 , 0.88 , 0.92 , 0.44
Exeggutor , 1248 , 0.76 , 10 , 14 , 10 , 0.88 , 0.92 , 0.44
Exeggutor , 481 , 0.71 , 14 , 13 , 5 , 0.87 , 0.91 , 0.44
Exeggutor , 24 , 0.91 , 11 , 15 , 15 , 0.92 , 0.96 , 0.46
Exeggutor , NaN , 0.82 , 12 , 10 , 15 , 0.89 , 0.93 , 0.45
Marowak , NaN , 0.82 , 11 , 15 , 11 , 0.93 , 0.69 , 0.43
Marowak , NaN , 0.82 , 11 , 14 , 12 , 0.93 , 0.69 , 0.43
Hitmonlee , 2298 , 0.69 , 5 , 14 , 12 , 0.67 , 0.81 , 0.87
Hitmonlee , NaN , 0.96 , 13 , 15 , 15 , 0.71 , 0.80 , 0.87
Hitmonlee , NaN , 0.71 , 5 , 12 , 15 , 0.68 , 0.82 , 0.88
Hitmonchan , NaN , 0.87 , 11 , 13 , 15 , 0.70 , 0.78 , 0.87
Hitmonchan , NaN , 0.73 , 5 , 15 , 13 , 0.68 , 0.82 , 0.88
Hitmonchan , 511 , 0.82 , 13 , 12 , 12 , 0.69 , 0.77 , 0.86
Hitmonchan , 486 , 0.49 , 8 , 4 , 10 , 0.64 , 0.77 , 0.86
Hitmonchan , NaN , 0.91 , 11 , 15 , 15 , 0.71 , 0.79 , 0.88
Lickitung , NaN , 0.87 , 14 , 12 , 13 , 0.87 , 0.95 , 0.51
Lickitung , NaN , 0.84 , 11 , 14 , 13 , 0.86 , 0.97 , 0.51
Lickitung , NaN , 0.73 , 6 , 15 , 12 , 0.93 , 0.98 , 0.49
Koffing , NaN , 0.93 , 14 , 15 , 13 , 0.89 , 0.85 , 0.40
Koffing , 625 , 0.67 , 3 , 14 , 13 , 0.90 , 0.78 , 0.37
Koffing , 580 , 0.78 , 6 , 14 , 15 , 0.94 , 0.81 , 0.38
Koffing , NaN , 0.78 , 11 , 13 , 11 , 0.94 , 0.81 , 0.38
Weezing , 368 , 0.80 , 13 , 9 , 14 , 0.86 , 0.82 , 0.39
Weezing , NaN , 0.87 , 14 , 12 , 13 , 0.87 , 0.84 , 0.39
Weezing , NaN , 0.82 , 14 , 12 , 11 , 0.86 , 0.82 , 0.39
Rhyhorn , 303 , 0.76 , 7 , 15 , 12 , 0.95 , 0.96 , 0.65
Rhydon , 503 , 0.64 , 12 , 12 , 5 , 0.93 , 0.94 , 0.64
Chansey , NaN , 0.80 , 15 , 11 , 10 , 0.87 , 0.95 , 0.51
Chansey , NaN , 0.53 , 8 , 15 , 1 , 0.88 , 0.87 , 0.47
Chansey , 505 , 0.82 , 11 , 14 , 12 , 0.84 , 0.93 , 0.49
Chansey , NaN , 0.60 , 3 , 12 , 12 , 0.90 , 0.81 , 0.43
Tangela , NaN , 0.84 , 13 , 13 , 12 , 0.92 , 0.93 , 0.92
Tangela , 1386 , 0.49 , 0 , 12 , 10 , 0.84 , 0.91 , 0.85
Tangela , 1092 , 0.42 , 2 , 15 , 2 , 0.82 , 0.95 , 0.83
Tangela , NaN , 0.82 , 13 , 13 , 11 , 0.91 , 0.93 , 0.92
Tangela , NaN , 0.78 , 15 , 8 , 12 , 0.90 , 0.92 , 0.91
Tangela , 457 , 0.49 , 1 , 13 , 8 , 0.84 , 0.91 , 0.85
Tangela , NaN , 0.80 , 13 , 11 , 12 , 0.91 , 0.92 , 0.91
Horsea , NaN , 0.96 , 15 , 13 , 15 , 0.84 , 0.63 , 0.29
Goldeen , 564 , 0.44 , 0 , 8 , 12 , 0.92 , 0.65 , 0.32
Goldeen , NaN , 0.69 , 1 , 15 , 15 , 0.92 , 0.71 , 0.35
Goldeen , 305 , 0.76 , 6 , 13 , 15 , 0.94 , 0.73 , 0.36
Goldeen , NaN , 0.76 , 8 , 13 , 13 , 0.94 , 0.73 , 0.36
Staryu , 455 , 0.91 , 15 , 11 , 15 , 0.92 , 0.77 , 0.35
Staryu , 437 , 0.51 , 3 , 11 , 9 , 0.97 , 0.67 , 0.31
Staryu , NaN , 0.67 , 2 , 15 , 13 , 0.94 , 0.71 , 0.33
Electabuzz , 1307 , 0.84 , 15 , 10 , 13 , 0.78 , 0.90 , 0.96
Electabuzz , 1271 , 0.69 , 11 , 10 , 10 , 0.76 , 0.93 , 0.96
Electabuzz , NaN , 0.87 , 11 , 15 , 13 , 0.79 , 0.97 , 0.97
Magmar , NaN , 0.89 , 12 , 13 , 15 , 0.85 , 0.95 , 0.97
Magmar , -32 , 0.76 , 7 , 15 , 12 , 0.83 , 0.92 , 0.98
Pinsir , 1237 , 0.80 , 15 , 10 , 11 , 0.90 , 0.95 , 0.95
Pinsir , 285 , 0.44 , 4 , 9 , 7 , 0.83 , 0.96 , 0.97
Tauros , 1640 , 0.49 , 1 , 11 , 10 , 0.90 , 0.93 , 0.98
Tauros , NaN , 0.73 , 5 , 15 , 13 , 0.96 , 0.98 , 0.98
Tauros , NaN , 0.82 , 14 , 8 , 15 , 0.76 , 0.93 , 0.95
Magikarp , 148 , 0.82 , 14 , 10 , 13 , 0.73 , 0.14 , 0.06
Magikarp , 148 , 0.91 , 13 , 14 , 14 , 0.75 , 0.14 , 0.07
Magikarp , 147 , 0.89 , 13 , 13 , 14 , 0.74 , 0.14 , 0.06
Magikarp , 1356 , 0.76 , 10 , 11 , 13 , 0.67 , 0.13 , 0.06
Magikarp , 135 , 0.78 , 10 , 12 , 13 , 0.68 , 0.13 , 0.06
Magikarp , NaN , 0.71 , 2 , 15 , 15 , 0.56 , 0.11 , 0.05
Magikarp , 72 , 0.36 , 0 , 11 , 5 , 0.46 , 0.09 , 0.04
Magikarp , NaN , 0.62 , 12 , 1 , 15 , 0.64 , 0.12 , 0.06
Magikarp , 33 , 0.53 , 5 , 6 , 13 , 0.55 , 0.10 , 0.05
Magikarp , 2 , 0.67 , 2 , 13 , 15 , 0.55 , 0.10 , 0.05
Gyarados , 2455 , 0.96 , 14 , 14 , 15 , 0.78 , 0.15 , 0.07
Lapras , 1814 , 0.80 , 10 , 11 , 15 , 0.96 , 0.93 , 0.95
Ditto , 645 , 0.87 , 14 , 12 , 13 , 0.88 , 0.94 , 0.94
Ditto , NaN , 0.82 , 15 , 13 , 9 , 0.88 , 0.93 , 0.93
Eevee , NaN , 0.33 , 1 , 12 , 2 , 0.80 , 0.46 , 0.23
Eevee , 5 , 0.96 , 15 , 13 , 15 , 0.77 , 0.57 , 0.29
Eevee , 551 , 0.64 , 6 , 10 , 13 , 0.81 , 0.51 , 0.26
Eevee , 42 , 0.47 , 5 , 12 , 4 , 0.77 , 0.49 , 0.25
Eevee , 403 , 0.84 , 8 , 15 , 15 , 0.80 , 0.55 , 0.28
Eevee , NaN , 0.60 , 6 , 12 , 9 , 0.81 , 0.51 , 0.26
Eevee , NaN , 0.69 , 2 , 14 , 15 , 0.82 , 0.51 , 0.26
Eevee , NaN , 0.42 , 2 , 8 , 9 , 0.82 , 0.47 , 0.24
Eevee , 183 , 0.53 , 4 , 12 , 8 , 0.79 , 0.49 , 0.25
Eevee , 156 , 0.67 , 2 , 13 , 15 , 0.81 , 0.51 , 0.26
Eevee , NaN , 0.80 , 7 , 14 , 15 , 0.79 , 0.54 , 0.27
Eevee , NaN , 0.42 , 3 , 15 , 1 , 0.83 , 0.48 , 0.24
Eevee , NaN , 0.80 , 13 , 13 , 10 , 0.80 , 0.55 , 0.28
Eevee , 13 , 0.51 , 4 , 11 , 8 , 0.78 , 0.49 , 0.25
Eevee , NaN , 0.33 , 3 , 7 , 5 , 0.80 , 0.46 , 0.23
Eevee , 444 , 0.89 , 12 , 14 , 14 , 0.75 , 0.56 , 0.28
Eevee , 841 , 0.82 , 10 , 13 , 14 , 0.80 , 0.55 , 0.28
Jolteon , 1785 , 0.89 , 13 , 15 , 12 , 0.75 , 0.56 , 0.28
Flareon , 2301 , 0.69 , 4 , 15 , 12 , 0.83 , 0.52 , 0.26
Flareon , NaN , 0.93 , 14 , 13 , 15 , 0.76 , 0.57 , 0.29
Porygon , 520 , 0.36 , 4 , 6 , 6 , 0.90 , 0.96 , 0.56
Porygon , NaN , 0.47 , 3 , 5 , 13 , 0.93 , 0.96 , 0.58
Kabuto , NaN , 0.80 , 11 , 15 , 10 , 0.92 , 0.97 , 0.46
Aerodactyl , 4 , 0.78 , 11 , 11 , 13 , 0.82 , 0.94 , 0.97
Aerodactyl , NaN , 0.89 , 14 , 12 , 14 , 0.84 , 0.96 , 0.95
Snorlax , 1380 , 0.98 , 15 , 15 , 14 , 0.75 , 0.89 , 0.96
Snorlax , NaN , 0.82 , 12 , 10 , 15 , 0.72 , 0.86 , 0.92
Dratini , NaN , 0.87 , 12 , 15 , 12 , 0.95 , 0.61 , 0.31
Dratini , 200 , 0.53 , 5 , 15 , 4 , 0.92 , 0.54 , 0.27
Dragonair , NaN , 0.80 , 14 , 12 , 10 , 0.93 , 0.59 , 0.30
Dragonite , NaN , 0.93 , 15 , 15 , 12 , 0.90 , 0.62 , 0.31
Dragonite , 2044 , 0.93 , 15 , 14 , 13 , 0.89 , 0.62 , 0.31
Mew , NaN , 0.80 , 13 , 13 , 10 , 0.77 , 0.93 , 0.95
Totodile , NaN , 0.58 , 10 , 2 , 14 , 0.93 , 0.66 , 0.32
Totodile , 238 , 0.80 , 7 , 15 , 14 , 0.93 , 0.72 , 0.35
Noctowl , NaN , 0.64 , 8 , 14 , 7 , 0.93 , 0.34 , 0.19
Ledyba , NaN , 0.89 , 12 , 15 , 13 , 0.92 , 0.40 , 0.39
Ledyba , 497 , 0.53 , 2 , 14 , 8 , 0.97 , 0.34 , 0.33
Ledyba , 423 , 0.58 , 0 , 11 , 15 , 0.97 , 0.34 , 0.33
Ledyba , 418 , 0.89 , 12 , 13 , 15 , 0.92 , 0.40 , 0.39
Ledyba , 408 , 0.93 , 14 , 13 , 15 , 0.89 , 0.41 , 0.40
Ledyba , 400 , 0.82 , 14 , 10 , 13 , 0.85 , 0.39 , 0.38
Ledyba , 395 , 0.71 , 15 , 9 , 8 , 0.88 , 0.38 , 0.37
Ledyba , 361 , 0.40 , 0 , 11 , 7 , 0.96 , 0.32 , 0.31
Ledyba , 341 , 0.89 , 13 , 13 , 14 , 0.87 , 0.40 , 0.39
Ledyba , 335 , 0.69 , 15 , 7 , 9 , 0.87 , 0.38 , 0.36
Ledyba , NaN , 0.64 , 4 , 12 , 13 , 0.96 , 0.35 , 0.34
Ledyba , 300 , 0.78 , 15 , 10 , 10 , 0.84 , 0.39 , 0.38
Ledyba , 154 , 0.80 , 12 , 12 , 12 , 0.89 , 0.39 , 0.37
Ledyba , NaN , 0.93 , 13 , 15 , 14 , 0.88 , 0.41 , 0.39
Ledyba , 100 , 0.60 , 2 , 13 , 12 , 0.94 , 0.34 , 0.33
Ledyba , NaN , 0.40 , 0 , 9 , 9 , 0.96 , 0.32 , 0.31
Ledyba , NaN , 0.36 , 0 , 6 , 10 , 0.97 , 0.31 , 0.30
Ledyba , 10 , 0.87 , 14 , 13 , 12 , 0.87 , 0.40 , 0.39
Ledian , NaN , 0.89 , 12 , 15 , 13 , 0.92 , 0.40 , 0.39
Ledian , NaN , 0.73 , 8 , 10 , 15 , 0.91 , 0.37 , 0.36
Chinchou , 493 , 0.67 , 1 , 15 , 14 , 0.94 , 0.64 , 0.33
Chinchou , NaN , 0.71 , 2 , 15 , 15 , 0.95 , 0.65 , 0.34
Chinchou , NaN , 0.82 , 9 , 15 , 13 , 0.92 , 0.69 , 0.36
Chinchou , NaN , 0.44 , 2 , 6 , 12 , 0.94 , 0.59 , 0.31
Pichu , 288 , 0.87 , 11 , 15 , 13 , 0.93 , 0.59 , 0.28
Pichu , 269 , 0.98 , 15 , 15 , 14 , 0.89 , 0.62 , 0.30
Pichu , NaN , 0.96 , 14 , 15 , 14 , 0.88 , 0.61 , 0.29
Pichu , 265 , 0.96 , 14 , 14 , 15 , 0.88 , 0.61 , 0.29
Pichu , 265 , 0.93 , 15 , 13 , 14 , 0.87 , 0.61 , 0.29
Pichu , NaN , 0.93 , 15 , 13 , 14 , 0.87 , 0.61 , 0.29
Pichu , 261 , 0.93 , 12 , 15 , 15 , 0.95 , 0.61 , 0.29
Pichu , NaN , 0.89 , 13 , 15 , 12 , 0.94 , 0.60 , 0.29
Pichu , 256 , 0.82 , 13 , 14 , 10 , 0.91 , 0.58 , 0.28
Pichu , NaN , 0.82 , 11 , 15 , 11 , 0.91 , 0.58 , 0.28
Pichu , 251 , 0.80 , 11 , 13 , 12 , 0.90 , 0.58 , 0.28
Pichu , 262 , 0.91 , 15 , 11 , 15 , 0.94 , 0.60 , 0.29
Togepi , 369 , 0.96 , 14 , 14 , 15 , 0.91 , 0.38 , 0.20
Togepi , NaN , 0.91 , 14 , 15 , 12 , 0.89 , 0.38 , 0.20
Togetic , NaN , 0.49 , 2 , 11 , 9 , 0.95 , 0.30 , 0.16
Natu , 965 , 0.82 , 12 , 11 , 14 , 0.90 , 0.68 , 0.33
Natu , NaN , 0.91 , 12 , 15 , 14 , 0.94 , 0.71 , 0.34
Xatu , NaN , 0.78 , 5 , 15 , 15 , 0.99 , 0.68 , 0.33
Mareep , 669 , 0.42 , 0 , 10 , 9 , 0.92 , 0.50 , 0.24
Mareep , NaN , 0.62 , 0 , 14 , 14 , 0.99 , 0.54 , 0.26
Mareep , 182 , 0.22 , 1 , 8 , 1 , 0.92 , 0.47 , 0.23
Mareep , NaN , 0.82 , 11 , 15 , 11 , 0.92 , 0.59 , 0.29
Flaaffy , 3 , 0.82 , 9 , 15 , 13 , 0.92 , 0.59 , 0.29
Flaaffy , 335 , 0.87 , 13 , 15 , 11 , 0.93 , 0.60 , 0.29
